20
38 437 27 18 571 603 582 18 311 603 671 494 554 152 227 11 346 575 337 60 
619 645 589 554 40 17 543 441 680 658 443 216 428 202 82 457 271 643 369 202 
535 633 89 43 508 240 447 130 535 23 316 611 661 214 648 299 243 252 27 7 
276 436 92 265 481 112 421 91 545 110 574 455 161 106 249 534 373 37 286 95 
439 477 56 138 335 365 264 94 349 334 161 360 395 333 523 21 302 567 388 409 
526 563 75 89 52 583 159 214 252 622 152 243 611 608 172 98 195 282 557 481 
628 287 609 74 453 647 114 563 467 552 510 116 569 298 362 623 313 167 563 157 
234 107 469 230 35 224 296 392 390 349 407 5 592 208 51 254 145 281 16 421 
535 442 77 185 624 172 2 603 159 523 541 561 302 652 358 432 630 566 564 95 
547 535 622 482 139 96 559 196 127 572 164 585 155 557 496 339 371 624 554 227 
255 665 101 498 425 602 481 161 284 56 552 638 143 391 283 495 146 152 77 108 
105 399 552 304 254 441 447 232 451 574 108 672 377 68 308 210 171 52 159 88 
118 593 212 452 429 669 268 542 96 350 197 6 188 266 675 482 617 95 474 434 
296 310 39 138 516 441 560 168 619 42 257 118 620 574 424 74 83 90 283 605 
490 316 40 393 91 390 45 535 140 142 9 511 129 89 675 392 584 426 506 523 
113 517 37 27 325 89 660 272 361 317 470 285 267 2 588 262 356 570 398 598 
654 559 93 392 623 302 488 484 455 54 427 300 550 28 181 143 410 657 384 6 
632 46 479 414 65 110 355 285 151 574 254 552 255 160 484 364 649 630 430 180 
46 533 593 627 578 535 23 26 650 302 501 212 544 662 524 504 60 146 267 174 
157 50 613 278 232 131 679 141 336 504 405 353 48 256 294 312 317 439 189 596 