191
226
224
221
230
211
214
219
248
245
263
258
271
282
256
237
267
269
206
237
248
264
229
231
242
288
286
293
305
299
270
263
217
206
221
250
256
294
279
290
252
280
273
267
276
247
236
245
241
281
317
321
315
279
290
277
294
271
260
273
296
319
306
289
319
276
287
259
288
294
286
294
261
269
297
286
292
318
344
288
229
257
246
252
243
217
248
272
286
289
264
271
287
259
284
313
282
278
280
301
244
290
230
258
287
218
244
220
251
283
269
277
285
301
283
275
289
260
229
237
218
236
248
282
282
277
292
300
273
285
282
300
284
303
316
287
246
229
265
278
246
217
231
232
244
246
246
266
254
261
300
228
221
210
234
262
221
233
216
210
232
273
286
299
327
250
240
246
263
251
286
268
245
259
255
252
268
293
228
212
257
264
280
318
311
315
302
306
309
272
277
273
294
290
306
293
310
312
265
252
255
273
311
322
319
300
286
297
310
308
297
297
313
291
291
296
309
307
320
339
297
284
308
321
335
346
375
361
350
336
354
357
370
384
399
386
383
369
319
282
311
303
282
283
317
338
353
302
299
299
311
310
335
327
287
288
276
297
322
318
346
335
337
319
335
329
330
315
305
302
308
291
257
288
314
279
306
307
317
319
318
297
299
282
285
299
325
304
318
297
283
289
284
284
298
319
319
342
328
316
311
306
272
255
252
266
282
316
260
246
269
280
283
292
283
277
279
272
261
275
291
282
319
297
283
292
302
294
285
319
316
315
293
293
303
294
303
298
297
311
326
299
285
286
298
305
304
318
338
324
310
316
322
345
361
350
350
351
331
324
312
317
329
304
322
321
320
359
360
335
325
333
299
307
294
296
288
302
294
312
316
337
321
347
348
355
354
324
306
308
286
294
317
333
325
318
307
289
303
293
290
301
280
303
265
285
274
262
234
257
230
208
245
239
261
288
265
293
283
270
252
243
278
255
264
246
235
247
233
239
266
283
279
280
264
261
250
263
258
300
268
245
274
280
326
295
277
272
238
249
241
259
262
249
285
294
222
249
247
262
278
292
292
317
314
323
290
301
319
315
338
311
307
266
285
253
276
294
299
288
234
276
281
250
273
297
320
303
319
297
263
292
321
310
309
291
245
238
247
236
259
237
261
267
274
271
279
288
310
299
305
295
295
310
326
316
301
301
311
334
333
323
320
301
272
251
243
253
241
269
306
291
297
309
299
280
297
240
265
230
272
277
312
287
325
290
315
280
309
327
308
323
329
333
281
296
290
312
319
315
316
297
313
292
316
333
313
287
295
257
290
328
308
303
319
319
292
258
285
248
268
262
238
258
224
251
261
237
248
250
256
295
264
258
283
312
248
254
280
290
306
