20
580 456 357 636 465 446 524 505 515 325 23 645 127 177 122 309 74 512 243 22 
525 250 79 171 498 262 446 43 669 700 692 411 439 416 166 268 403 85 699 144 
443 349 349 505 46 390 706 600 618 571 565 531 230 329 240 401 605 390 467 386 
361 641 642 385 507 110 575 636 236 472 385 697 292 260 635 103 656 225 240 483 
478 667 247 36 563 307 499 30 229 448 486 507 144 271 618 454 678 6 235 413 
26 242 65 251 524 243 106 647 547 542 21 191 304 602 281 82 363 116 588 566 
262 339 480 156 453 561 133 648 693 500 568 227 469 70 692 591 583 627 202 29 
426 141 155 666 502 414 144 320 675 313 556 372 428 357 269 269 631 515 593 136 
206 256 309 167 524 85 149 357 73 97 386 411 614 205 664 164 370 70 665 320 
189 42 525 91 517 170 67 38 315 8 175 59 689 452 8 395 93 421 488 469 
634 16 207 236 559 165 318 27 321 239 388 284 263 28 73 57 13 549 485 554 
582 649 523 290 229 228 54 444 418 18 539 275 56 161 73 401 189 567 488 482 
677 409 131 182 210 354 115 48 129 682 3 389 365 415 361 397 367 285 216 320 
546 349 466 691 540 396 635 57 375 612 488 187 592 459 494 214 687 92 619 551 
508 398 176 75 499 680 549 97 58 82 567 109 370 676 42 200 189 667 256 497 
248 58 661 323 548 507 3 349 609 665 54 477 705 225 585 466 233 52 204 528 
139 242 155 679 511 20 531 274 256 358 686 10 285 152 406 563 474 603 206 74 
391 665 45 3 124 65 34 365 6 690 578 543 590 454 248 540 7 90 372 100 
20 600 526 195 179 19 302 361 706 382 266 466 222 265 561 322 450 213 311 471 
336 104 161 412 588 89 130 404 256 383 512 132 584 143 500 293 165 519 693 649 